201.5237 25.1128
203.1709 25.1128
204.8181 25.1128
206.4653 25.1128
208.1125 25.1128
209.7598 25.1128
211.407 25.1128
213.0542 25.1128
214.7014 25.1128
216.3486 25.1128
217.9959 25.1128
219.6431 25.1128
221.2903 25.1128
222.9375 25.1128
224.5847 25.1128
226.232 25.1128
227.8792 25.1128
229.5264 25.1128
231.1736 25.1128
232.8208 25.1128
234.4681 25.1128
236.1153 25.1128
237.7625 25.1128
239.4097 25.1128
241.0569 25.1128
242.7042 25.1128
244.3514 25.1128
245.9986 25.1128
247.6458 25.1128
249.293 25.1128
250.9403 25.1128
252.5875 25.1128
254.2347 25.1128
255.8819 25.1128
257.5291 25.1128
259.1764 25.1128
260.8235 25.1128
262.4708 25.1128
264.1179 25.1128
265.7652 25.1128
267.4125 25.1128
269.0597 25.1128
270.7069 25.1128
272.3541 25.1128
274.0014 25.1128
275.6486 25.1128
277.2958 25.1128
278.943 25.1128
280.5901 25.1128
282.2375 25.1128
283.8847 25.1128
285.5319 25.1128
287.1791 25.1128
288.8263 25.1128
290.4736 25.1128
292.1208 25.1128
293.768 25.1128
295.4152 25.1128
297.0624 25.1128
298.7097 25.1128
300.3569 25.1128
302.0041 25.1128
303.6513 25.1128
305.2985 25.1128
306.9458 25.1128
308.593 25.1128
310.2402 25.1128
311.8874 25.1128
313.5346 25.1128
315.1819 25.1128
316.8291 25.1128
318.4763 25.1128
320.1235 25.1128
321.7707 25.1128
323.418 25.1128
325.0652 25.1128
326.7124 25.1128
328.3596 25.1128
330.0068 25.1128
331.6541 25.1128
333.3013 25.1128
334.9485 25.1128
336.5957 25.1128
338.2429 25.1128
339.8902 25.1128
341.5373 25.1128
343.1846 25.1128
344.8317 25.1128
346.479 25.1128
348.1263 25.1128
349.7734 25.1128
351.4207 25.1128
353.0679 25.1128
354.7151 25.1128
356.3624 25.1128
358.0096 25.1128
359.6568 25.1128
361.3058 25.6063
362.9529 25.6063
364.6002 25.6063
366.2474 25.6063
367.8946 25.6063
369.5419 25.6063
371.1891 25.6063
372.8363 25.6063
374.4835 25.6063
376.1308 25.6063
377.778 25.6063
379.4252 25.6063
381.0724 25.6063
382.7196 25.6063
384.3686 26.1095
386.0158 26.1095
387.663 26.1095
389.3103 26.1095
390.9575 26.1095
392.6047 26.1095
394.2519 26.1095
395.8974 25.6063
397.5446 25.6063
399.1918 25.6063
400.8391 25.6063
402.4863 25.6063
404.1335 25.6063
405.7807 25.6063
407.4279 25.6063
409.0752 25.6063
410.7206 25.1128
412.3679 25.1128
414.0151 25.1128
415.6623 25.1128
417.3094 25.1128
418.9567 25.1128
420.604 25.1128
422.2511 25.1128
423.8967 24.6287
425.5439 24.6287
427.1911 24.6287
428.8383 24.6287
430.4838 24.1541
432.131 24.1541
433.7782 24.1541
435.4237 23.6885
437.0709 23.6885
438.7164 23.2319
440.3636 23.2319
442.0091 22.7842
443.6562 22.7842
445.3035 22.7842
446.9489 22.345
448.5963 22.345
450.2435 22.345
451.889 21.9144
453.5362 21.9144
455.1817 21.492
456.8289 21.492
458.4761 21.492
460.1216 21.0778
461.7688 21.0778
463.4143 20.6715
465.0615 20.6715
466.7069 20.2731
468.3542 20.2731
470.0014 20.2731
471.6469 19.8824
473.2941 19.8824
474.9396 19.4992
476.5851 19.1233
478.2306 18.7548
479.876 18.3933
481.5215 18.0388
483.167 17.6911
484.8142 17.6911
486.4614 17.6911
488.1087 17.6911
489.7559 17.6911
491.4014 17.3501
493.0468 17.0157
494.6923 16.6878
496.3378 16.366
497.9832 16.0507
499.6305 16.0507
501.276 15.7412
502.9215 15.4379
504.5687 15.4379
506.2159 15.4379
507.8631 15.4379
509.5086 15.1404
511.1541 14.8486
512.7995 14.5624
512.7978 14.2817
514.445 14.2817
516.0905 14.0065
516.0888 13.7365
517.7343 13.4718
519.3797 13.2121
521.027 13.2121
522.6724 12.9575
524.3179 12.7077
524.3162 12.4628
525.9617 12.2226
525.9599 11.987
525.9582 11.756
525.9564 11.5293
525.9546 11.3072
527.6002 11.0893
527.5984 10.8755
529.2439 10.6659
530.8894 10.4603
530.8877 10.2587
532.5331 10.061
532.5314 9.8671
532.5297 9.6768
532.5279 9.4904
534.1734 9.3075
535.8189 9.128
537.4644 8.9522
537.4626 8.7795
537.4609 8.6104
537.4591 8.4445
539.1046 8.2817
539.1029 8.1221
540.7484 7.9655
540.7466 7.812
542.3921 7.6614
542.3904 7.5138
544.0358 7.369
545.6813 7.2269
545.6796 7.0876
547.3251 6.951
548.9705 6.8171
550.616 6.6857
552.2615 6.5568
553.907 6.4304
553.9052 6.3065
553.9035 6.185
553.9018 6.0657
555.5472 5.9487
555.5455 5.8342
557.191 5.7217
557.1892 5.6115
558.8347 5.5032
558.833 5.3972
560.4802 5.3972
562.1257 5.2932
562.1239 5.1912
563.7694 5.0911
565.4149 4.9929
567.0621 4.9929
568.7093 4.9929
570.3566 4.9929
572.0038 4.9929
573.651 4.9929
575.2982 4.9929
576.9454 4.9929
578.5927 4.9929
580.2399 4.9929
581.8871 4.9929
583.5343 4.9929
585.1815 4.9929
586.8288 4.9929
588.476 4.9929
590.1232 4.9929
591.7704 4.9929
593.4176 4.9929
595.0649 4.9929
596.7121 4.9929
598.361 5.0911
600.0083 5.0911
601.6555 5.0911
603.3027 5.0911
604.9499 5.0911
606.5971 5.0911
608.2444 5.0911
609.8916 5.0911
611.5388 5.0911
613.186 5.0911
614.8332 5.0911
616.4805 5.0911
618.1277 5.0911
619.7749 5.0911
621.4221 5.0911
623.0694 5.0911
624.7166 5.0911
626.3638 5.0911
628.011 5.0911
629.6582 5.0911
631.3037 4.9929
632.9508 4.9929
632.9492 4.8968
632.9475 4.8024
632.9457 4.7098
632.944 4.6191
634.5895 4.53
634.5877 4.4426
634.5859 4.3571
636.2315 4.2731
636.2297 4.1908
636.228 4.11
636.2262 4.0308
636.2245 3.9531
636.2227 3.8769
637.8681 3.8022
637.8665 3.7288
637.8647 3.657
637.863 3.5865
639.5085 3.5173
639.5067 3.4496
639.505 3.3831
641.1505 3.3179
641.1487 3.254
641.147 3.1913
642.7925 3.1298
642.7907 3.0694
642.789 3.0103
642.7873 2.9523
644.4327 2.8953
644.431 2.8395
644.4293 2.7848
644.4275 2.7311
646.073 2.6785
646.0713 2.6269
646.0695 2.5762
647.7149 2.5266
647.7133 2.4779
647.7115 2.4301
647.7098 2.3833
649.3553 2.3374
649.3535 2.2923
649.3518 2.2481
649.35 2.2048
649.3483 2.1623
650.9938 2.1206
650.992 2.0798
652.6375 2.0397
652.6358 2.0004
652.634 1.9618
652.6322 1.924
652.6306 1.8869
654.276 1.8505
654.2743 1.8149
654.2726 1.7799
654.2708 1.7456
655.9163 1.712
655.9146 1.679
655.9127 1.6465
655.9111 1.6149
657.5566 1.5836
657.5548 1.5532
657.5531 1.5232
657.5513 1.4939
659.1968 1.4651
659.1951 1.4369
659.1933 1.4092
659.1916 1.382
660.8371 1.3554
660.8353 1.3293
660.8336 1.3037
660.8319 1.2785
660.83 1.2539
662.4756 1.2297
662.4739 1.206
662.4721 1.1828
662.4704 1.16
664.1159 1.1376
664.1141 1.1157
664.1124 1.0942
664.1106 1.0731
664.1089 1.0524
664.1072 1.0321
665.7526 1.0122
665.7509 0.9927
665.7492 0.9736
665.7473 0.9548
667.3929 0.9364
667.3912 0.9184
667.3894 0.9007
667.3877 0.8833
667.3859 0.8662
667.3841 0.8496
669.0297 0.8332
669.0279 0.8172
670.6734 0.8014
670.6717 0.786
670.6699 0.7708
670.6682 0.756
670.6663 0.7414
670.6646 0.7271
672.3102 0.713
672.3084 0.6993
672.3067 0.6859
672.305 0.6726
672.3032 0.6597
673.9487 0.647
673.947 0.6345
673.9452 0.6223
673.9435 0.6103
673.9417 0.5985
673.94 0.587
675.5855 0.5756
675.5836 0.5646
675.5819 0.5537
675.5803 0.543
675.5785 0.5325
677.224 0.5223
677.2223 0.5122
677.2205 0.5023
677.2187 0.4927
677.217 0.4832
678.8625 0.4739
678.8608 0.4647
678.859 0.4558
678.8573 0.447
678.8556 0.4384
680.501 0.4299
680.4993 0.4216
680.4976 0.4135
680.4958 0.4055
680.4941 0.3977
680.4923 0.3901
682.1378 0.3825
682.136 0.3752
682.1343 0.3679
682.1326 0.3608
682.1309 0.3538
683.7763 0.3471
683.7746 0.3404
683.7729 0.3338
683.7711 0.3274
683.7694 0.3211
685.4149 0.3149
685.4131 0.3088
685.4114 0.3029
685.4096 0.297
685.4079 0.2913
685.4062 0.2857
687.0516 0.2802
687.0499 0.2748
687.0482 0.2695
687.0464 0.2643
687.0447 0.2591
687.0429 0.2542
688.6884 0.2493
688.6867 0.2445
688.6848 0.2398
688.6832 0.2352
688.6815 0.2306
688.6797 0.2262
688.678 0.2218
690.3235 0.2176
690.3216 0.2134
690.32 0.2092
690.3182 0.2052
690.3165 0.2013
690.3147 0.1974
691.9602 0.1936
691.9585 0.1898
691.9567 0.1862
691.955 0.1826
691.9533 0.1791
691.9515 0.1756
693.597 0.1722
693.5953 0.1689
693.5935 0.1657
693.5918 0.1625
693.5899 0.1593
693.5883 0.1562
693.5866 0.1533
693.5848 0.1503
695.2303 0.1474
695.2286 0.1446
695.2268 0.1418
696.8723 0.139
696.8706 0.1364
696.8688 0.1337
696.8671 0.1312
696.8653 0.1286
696.8636 0.1262
696.8618 0.1237
696.8601 0.1213
696.8584 0.119
698.5039 0.1167
698.5021 0.1145
698.5004 0.1122
698.4986 0.1101
698.4969 0.108
698.4952 0.1059
698.4934 0.1038
698.4917 0.1018
698.4899 0.0999
698.4882 0.098
698.4865 0.0961
700.1319 0.0942
700.1302 0.0924
700.1285 0.0906
698.4795 0.0889
698.4778 0.0872
698.476 0.0855
698.4743 0.0838
698.4725 0.0822
698.4708 0.0806
698.4691 0.0791
696.8235 0.0806
695.1764 0.0806
693.5291 0.0806
691.8801 0.0791
690.233 0.0791
690.2312 0.0776
688.5823 0.0761
686.935 0.0761
685.2861 0.0746
685.2843 0.0732
683.6371 0.0732
681.9882 0.0717
681.9864 0.0704
681.9847 0.069
681.9828 0.0677
681.9811 0.0664
681.9794 0.0651
681.9777 0.0638
683.6232 0.0626
683.6214 0.0614
683.6197 0.0602
683.6179 0.0591
683.6162 0.0579
685.2617 0.0568
685.26 0.0557
685.2582 0.0546
685.2565 0.0536
685.2547 0.0525
685.253 0.0515
685.2513 0.0505
685.2495 0.0496
686.895 0.0486
686.8933 0.0477
686.8915 0.0468
686.8898 0.0459
686.888 0.045
688.5335 0.0441
688.5318 0.0433
688.53 0.0424
688.5283 0.0416
688.5266 0.0408
688.5248 0.04
688.5231 0.0392
690.1686 0.0385
690.1668 0.0377
690.1651 0.037
690.1633 0.0363
690.1616 0.0356
691.8071 0.0349
691.8053 0.0342
691.8035 0.0336
691.8018 0.0329
691.8001 0.0323
691.7984 0.0317
691.7966 0.0311
693.4421 0.0305
693.4404 0.0299
693.4386 0.0293
693.4369 0.0287
693.4352 0.0282
693.4334 0.0276
695.0789 0.0271
695.0772 0.0266
695.0754 0.0261
695.0737 0.0256
696.7191 0.0251
696.7174 0.0246
696.7157 0.0241
698.3612 0.0237
698.3594 0.0232
